g1_dense_c25 24 18 2.5 8 4 41
g1_dense_c25 24 18 2.5 8 4 42
g1_dense_c25 24 18 2.5 8 4 43
g2_dense_c34 24 18 3.4 8 4 41
g2_dense_c34 24 18 3.4 8 4 42
g2_dense_c34 24 18 3.4 8 4 43
g3_dense_mp16 24 18 3.4 16 8 41
g3_dense_mp16 24 18 3.4 16 8 42
g3_dense_mp16 24 18 3.4 16 8 43
g4_mid_mp12 30 22 3.4 12 6 41
g4_mid_mp12 30 22 3.4 12 6 42
g4_mid_mp12 30 22 3.4 12 6 43
g5_big_mp16 40 30 3.4 16 8 41
g5_big_mp16 40 30 3.4 16 8 42
g5_big_mp16 40 30 3.4 16 8 43
g6_dense_c25mp 24 18 2.5 16 8 41
g6_dense_c25mp 24 18 2.5 16 8 42
g6_dense_c25mp 24 18 2.5 16 8 43
